	AM_refseq_aegilops_tauschii	AM_refseq_ananas_comosus	AM_refseq_asparagus_officinalis	AM_refseq_brachypodium_distachyon	AM_refseq_cajanus_cajan	AM_refseq_capsicum_annuum	AM_refseq_carica_papaya	AM_refseq_cicer_arietinum	AM_refseq_cucumis_melo	AM_refseq_daucus_carota	AM_refseq_fragaria_vesca	AM_refseq_gossypium_arboreum	AM_refseq_helianthus_annuus	AM_refseq_hevea_brasiliensis	AM_refseq_lactuca_sativa	AM_refseq_manihot_esculenta	AM_refseq_medicago_truncatula	AM_refseq_musa_acuminata	AM_refseq_nicotiana_tabacum	AM_refseq_olea_europaea	AM_refseq_phaseolus_vulgaris	AM_refseq_phoenix_dactylifera	AM_refseq_prunus_persica	AM_refseq_ricinus_communis	AM_refseq_sesamum_indicum	AM_refseq_setaria_italica	AM_refseq_solanum_lycopersicum	AM_refseq_sorghum_bicolor	AM_refseq_theobroma_cacao	AM_refseq_vigna_radiata	AM_refseq_vitis_vinifera	AM_refseq_zea_mays	NM_refseq_arabidopsis_lyrata	NM_refseq_arabidopsis_thaliana	NM_refseq_beta_vulgaris	NM_refseq_brassica_rapa	NM_refseq_capsella_rubella	NM_refseq_eutrema_salsugineum	NM_refseq_lupinus_angustifolius	NM_refseq_nelumbo_nucifera	NM_refseq_spinacia_oleracea	NM_refseq_tarenaya_hassleriana
AM_refseq_aegilops_tauschii	14270	11356	10671	13259	10962	10825	10610	10890	10677	10920	10960	11043	10939	11078	10908	10951	10921	11095	11080	10871	10931	11207	10997	11000	10865	12991	10872	13064	11032	10898	11066	12439	10720	10702	10590	10653	10621	10608	10758	10982	10667	10688
AM_refseq_ananas_comosus	11356	12358	10939	11276	11240	11100	10897	11163	10960	11186	11259	11331	11146	11398	11163	11261	11185	11442	11365	11121	11215	11596	11317	11326	11163	11294	11165	11358	11360	11182	11423	10987	10967	10962	10813	10888	10865	10847	11024	11342	10863	10954
AM_refseq_asparagus_officinalis	10671	10939	12088	10584	10856	10735	10494	10742	10549	10844	10852	10901	10835	10988	10804	10853	10779	10913	11026	10826	10798	11061	10904	10891	10758	10589	10754	10649	10900	10749	10987	10332	10578	10538	10507	10559	10519	10524	10673	10891	10513	10629
AM_refseq_brachypodium_distachyon	13259	11276	10584	13695	10875	10736	10537	10816	10628	10848	10878	10957	10799	10991	10819	10887	10847	11042	10958	10747	10855	11122	10926	10933	10818	12822	10780	12899	10962	10816	10985	12297	10649	10628	10519	10583	10556	10543	10676	10922	10586	10624
AM_refseq_cajanus_cajan	10962	11240	10856	10875	13193	11569	11425	12177	11458	11663	11826	11896	11666	11990	11630	11822	12236	11217	11905	11677	12454	11421	11891	11890	11637	10867	11636	10942	11892	12409	11930	10654	11405	11390	11225	11346	11291	11277	11951	11663	11278	11404
AM_refseq_capsicum_annuum	10825	11100	10735	10736	11569	13330	11218	11501	11264	11647	11583	11701	11610	11777	11598	11613	11510	11041	12762	11717	11546	11267	11653	11672	11666	10728	12368	10808	11706	11510	11752	10508	11273	11268	11129	11212	11153	11149	11354	11501	11139	11241
AM_refseq_carica_papaya	10610	10897	10494	10537	11425	11218	12361	11288	11075	11298	11415	11556	11293	11595	11263	11431	11324	10891	11562	11339	11391	11092	11502	11532	11281	10547	11274	10607	11577	11344	11591	10325	11161	11168	10868	11087	11044	11026	11144	11334	10890	11141
AM_refseq_cicer_arietinum	10890	11163	10742	10816	12177	11501	11288	12806	11389	11555	11739	11796	11519	11861	11556	11713	12297	11114	11781	11534	12175	11301	11797	11793	11550	10816	11557	10878	11808	12092	11812	10555	11345	11326	11162	11277	11239	11216	11867	11566	11198	11333
AM_refseq_cucumis_melo	10677	10960	10549	10628	11458	11264	11075	11389	11948	11353	11464	11536	11311	11579	11335	11457	11388	10925	11492	11283	11427	11096	11549	11513	11344	10635	11313	10685	11570	11416	11551	10369	11138	11113	10923	11063	11038	11021	11221	11344	10975	11134
AM_refseq_daucus_carota	10920	11186	10844	10848	11663	11647	11298	11555	11353	12693	11716	11776	11750	11847	11736	11708	11601	11159	11928	11670	11623	11379	11770	11754	11681	10854	11680	10922	11798	11587	11868	10619	11343	11323	11210	11267	11221	11229	11403	11585	11240	11309
AM_refseq_fragaria_vesca	10960	11259	10852	10878	11826	11583	11415	11739	11464	11716	12718	11957	11637	12022	11654	11871	11769	11208	11870	11664	11784	11428	12238	11942	11681	10887	11654	10943	12009	11746	12013	10600	11465	11430	11235	11384	11360	11338	11542	11715	11274	11439
AM_refseq_gossypium_arboreum	11043	11331	10901	10957	11896	11701	11556	11796	11536	11776	11957	13048	11738	12206	11729	12030	11805	11319	12022	11751	11878	11514	12045	12101	11763	10957	11757	11026	12417	11820	12126	10704	11559	11539	11298	11500	11452	11431	11613	11823	11356	11554
AM_refseq_helianthus_annuus	10939	11146	10835	10799	11666	11610	11293	11519	11311	11750	11637	11738	13834	11821	12475	11654	11585	11097	11996	11768	11596	11300	11716	11704	11621	10817	11608	10890	11717	11577	11810	10619	11320	11293	11194	11261	11182	11201	11383	11547	11249	11282
AM_refseq_hevea_brasiliensis	11078	11398	10988	10991	11990	11777	11595	11861	11579	11847	12022	12206	11821	13376	11798	12547	11901	11375	12111	11871	11954	11604	12140	12388	11851	11008	11821	11075	12238	11892	12221	10753	11591	11573	11365	11516	11469	11454	11680	11907	11383	11582
AM_refseq_lactuca_sativa	10908	11163	10804	10819	11630	11598	11263	11556	11335	11736	11654	11729	12475	11798	13087	11679	11569	11133	11894	11653	11589	11328	11746	11719	11632	10821	11630	10890	11747	11589	11826	10598	11304	11282	11178	11239	11181	11189	11401	11572	11223	11293
AM_refseq_manihot_esculenta	10951	11261	10853	10887	11822	11613	11431	11713	11457	11708	11871	12030	11654	12547	11679	12863	11741	11246	11889	11658	11794	11444	11984	12213	11717	10924	11698	10953	12075	11753	12040	10614	11441	11429	11217	11361	11336	11313	11578	11748	11257	11448
AM_refseq_medicago_truncatula	10921	11185	10779	10847	12236	11510	11324	12297	11388	11601	11769	11805	11585	11901	11569	11741	12997	11148	11813	11573	12178	11336	11829	11835	11571	10854	11590	10914	11828	12128	11837	10590	11374	11350	11189	11297	11256	11243	11888	11592	11240	11354
AM_refseq_musa_acuminata	11095	11442	10913	11042	11217	11041	10891	11114	10925	11159	11208	11319	11097	11375	11133	11246	11148	12157	11294	11073	11216	11564	11293	11308	11161	11053	11116	11117	11322	11170	11403	10769	10964	10959	10820	10946	10924	10911	11068	11334	10803	11004
AM_refseq_nicotiana_tabacum	11080	11365	11026	10958	11905	12762	11562	11781	11492	11928	11870	12022	11996	12111	11894	11889	11813	11294	14615	12253	11895	11589	11950	11944	11945	10956	12605	11041	11990	11790	12079	10795	11528	11502	11381	11484	11376	11377	11616	11781	11411	11504
AM_refseq_olea_europaea	10871	11121	10826	10747	11677	11717	11339	11534	11283	11670	11664	11751	11768	11871	11653	11658	11573	11073	12253	13625	11623	11345	11718	11728	11807	10760	11675	10805	11730	11537	11830	10581	11311	11243	11102	11230	11157	11153	11370	11565	11180	11282
AM_refseq_phaseolus_vulgaris	10931	11215	10798	10855	12454	11546	11391	12175	11427	11623	11784	11878	11596	11954	11589	11794	12178	11216	11895	11623	13300	11368	11862	11874	11592	10861	11594	10928	11882	12511	11913	10621	11431	11415	11203	11389	11343	11323	11947	11630	11220	11432
AM_refseq_phoenix_dactylifera	11207	11596	11061	11122	11421	11267	11092	11301	11096	11379	11428	11514	11300	11604	11328	11444	11336	11564	11589	11345	11368	12687	11497	11488	11326	11159	11303	11205	11536	11349	11631	10898	11085	11080	10940	11004	10972	10963	11161	11541	10981	11079
AM_refseq_prunus_persica	10997	11317	10904	10926	11891	11653	11502	11797	11549	11770	12238	12045	11716	12140	11746	11984	11829	11293	11950	11718	11862	11497	12753	12075	11768	10924	11736	10982	12121	11817	12128	10645	11522	11492	11293	11442	11414	11395	11611	11819	11340	11519
AM_refseq_ricinus_communis	11000	11326	10891	10933	11890	11672	11532	11793	11513	11754	11942	12101	11704	12388	11719	12213	11835	11308	11944	11728	11874	11488	12075	12849	11773	10940	11757	11014	12143	11816	12132	10661	11513	11512	11275	11436	11406	11385	11612	11813	11298	11521
AM_refseq_sesamum_indicum	10865	11163	10758	10818	11637	11666	11281	11550	11344	11681	11681	11763	11621	11851	11632	11717	11571	11161	11945	11807	11592	11326	11768	11773	12415	10822	11744	10888	11812	11584	11841	10555	11330	11319	11155	11248	11216	11213	11402	11581	11196	11319
AM_refseq_setaria_italica	12991	11294	10589	12822	10867	10728	10547	10816	10635	10854	10887	10957	10817	11008	10821	10924	10854	11053	10956	10760	10861	11159	10924	10940	10822	13997	10793	13436	10961	10833	10996	12704	10633	10621	10522	10564	10540	10527	10715	10941	10580	10611
AM_refseq_solanum_lycopersicum	10872	11165	10754	10780	11636	12368	11274	11557	11313	11680	11654	11757	11608	11821	11630	11698	11590	11116	12605	11675	11594	11303	11736	11757	11744	10793	12923	10862	11782	11576	11848	10535	11319	11323	11166	11251	11209	11205	11397	11569	11199	11301
AM_refseq_sorghum_bicolor	13064	11358	10649	12899	10942	10808	10607	10878	10685	10922	10943	11026	10890	11075	10890	10953	10914	11117	11041	10805	10928	11205	10982	11014	10888	13436	10862	14227	11023	10899	11062	12994	10698	10697	10597	10631	10611	10600	10747	10979	10647	10678
AM_refseq_theobroma_cacao	11032	11360	10900	10962	11892	11706	11577	11808	11570	11798	12009	12417	11717	12238	11747	12075	11828	11322	11990	11730	11882	11536	12121	12143	11812	10961	11782	11023	12854	11821	12178	10676	11588	11557	11315	11506	11480	11453	11612	11852	11353	11582
AM_refseq_vigna_radiata	10898	11182	10749	10816	12409	11510	11344	12092	11416	11587	11746	11820	11577	11892	11589	11753	12128	11170	11790	11537	12511	11349	11817	11816	11584	10833	11576	10899	11821	12955	11869	10576	11348	11341	11174	11278	11247	11235	11872	11605	11213	11338
AM_refseq_vitis_vinifera	11066	11423	10987	10985	11930	11752	11591	11812	11551	11868	12013	12126	11810	12221	11826	12040	11837	11403	12079	11830	11913	11631	12128	12132	11841	10996	11848	11062	12178	11869	12993	10736	11527	11520	11353	11440	11403	11395	11641	11971	11371	11524
AM_refseq_zea_mays	12439	10987	10332	12297	10654	10508	10325	10555	10369	10619	10600	10704	10619	10753	10598	10614	10590	10769	10795	10581	10621	10898	10645	10661	10555	12704	10535	12994	10676	10576	10736	13854	10407	10391	10294	10330	10288	10288	10439	10640	10349	10361
NM_refseq_arabidopsis_lyrata	10720	10967	10578	10649	11405	11273	11161	11345	11138	11343	11465	11559	11320	11591	11304	11441	11374	10964	11528	11311	11431	11085	11522	11513	11330	10633	11319	10698	11588	11348	11527	10407	14441	14041	10998	13151	13464	13063	11228	11375	11047	12236
NM_refseq_arabidopsis_thaliana	10702	10962	10538	10628	11390	11268	11168	11326	11113	11323	11430	11539	11293	11573	11282	11429	11350	10959	11502	11243	11415	11080	11492	11512	11319	10621	11323	10697	11557	11341	11520	10391	14041	14357	10995	13101	13434	13065	11215	11359	11021	12201
NM_refseq_beta_vulgaris	10590	10813	10507	10519	11225	11129	10868	11162	10923	11210	11235	11298	11194	11365	11178	11217	11189	10820	11381	11102	11203	10940	11293	11275	11155	10522	11166	10597	11315	11174	11353	10294	10998	10995	12456	10985	10950	10956	11094	11220	11922	11046
NM_refseq_brassica_rapa	10653	10888	10559	10583	11346	11212	11087	11277	11063	11267	11384	11500	11261	11516	11239	11361	11297	10946	11484	11230	11389	11004	11442	11436	11248	10564	11251	10631	11506	11278	11440	10330	13151	13101	10985	13675	13046	12976	11232	11301	10974	12216
NM_refseq_capsella_rubella	10621	10865	10519	10556	11291	11153	11044	11239	11038	11221	11360	11452	11182	11469	11181	11336	11256	10924	11376	11157	11343	10972	11414	11406	11216	10540	11209	10611	11480	11247	11403	10288	13464	13434	10950	13046	13698	12989	11196	11270	10931	12178
NM_refseq_eutrema_salsugineum	10608	10847	10524	10543	11277	11149	11026	11216	11021	11229	11338	11431	11201	11454	11189	11313	11243	10911	11377	11153	11323	10963	11395	11385	11213	10527	11205	10600	11453	11235	11395	10288	13063	13065	10956	12976	12989	13386	11184	11252	10933	12139
NM_refseq_lupinus_angustifolius	10758	11024	10673	10676	11951	11354	11144	11867	11221	11403	11542	11613	11383	11680	11401	11578	11888	11068	11616	11370	11947	11161	11611	11612	11402	10715	11397	10747	11612	11872	11641	10439	11228	11215	11094	11232	11196	11184	12485	11465	11067	11303
NM_refseq_nelumbo_nucifera	10982	11342	10891	10922	11663	11501	11334	11566	11344	11585	11715	11823	11547	11907	11572	11748	11592	11334	11781	11565	11630	11541	11819	11813	11581	10941	11569	10979	11852	11605	11971	10640	11375	11359	11220	11301	11270	11252	11465	12567	11275	11380
NM_refseq_spinacia_oleracea	10667	10863	10513	10586	11278	11139	10890	11198	10975	11240	11274	11356	11249	11383	11223	11257	11240	10803	11411	11180	11220	10981	11340	11298	11196	10580	11199	10647	11353	11213	11371	10349	11047	11021	11922	10974	10931	10933	11067	11275	12565	11026
NM_refseq_tarenaya_hassleriana	10688	10954	10629	10624	11404	11241	11141	11333	11134	11309	11439	11554	11282	11582	11293	11448	11354	11004	11504	11282	11432	11079	11519	11521	11319	10611	11301	10678	11582	11338	11524	10361	12236	12201	11046	12216	12178	12139	11303	11380	11026	12653
